158 GEORGH SYNCELLI

1111414111( Anyrtomfle· Aegyptium 8114111111 nega.
conditu. ' μ. Reges.

18
16

4220 21 14
14221 22 15

¹ 18
19

4444 44 17
4444 25 18

8
4

4222 28 16 a g 17
7

4226 Α 26 19 8 20
4226 27 20 21
4227 28 . 21 10 22

4228 29 22 11 28
4229 80 28 12 24
4280 81 18 25
4281 82 14 26

4282 18 27
4238 16 28
4284 17 29

4285 18 80

4446 19 41 ,
4444 4ο 44

4288 21 88

4239 · 1111111111 11111111-

4240 douln. 81411144114114-
4241 11111 cmii 11111 18. 111-
potaverunt. 1111 vm

4242
4248

 

